0.779771 61
0.016005 45
1.653450 2
0.773982 99
0.007833 41
0.025251 53
0.002204 36
4.934879 2
0.630509 630
0.010235 53
0.017383 39
6.117429 2
1.327033 53
0.016572 20
4.783202 2
0.640918 53
0.005965 14
4.889280 2
1.087488 53
0.004850 11
4.659365 2
0.607519 53
0.008602 40
4.425152 2
0.614625 53
0.014950 85
5.244275 2
0.804214 53
0.066227 23
7.230938 2
0.615530 53
0.004526 1
1.522434 1
0.095623 1
0.152081 1
0.319928 1
0.632249 1
0.143747 1
0.256268 1
0.167744 2
0.521001 235
0.004404 63
5.894659 2
0.901320 99
0.007566 55
0.011169 39
0.050128 53
0.005949 24
5.414434 2
1.224444 53
0.003022 1
1.914743 1
0.127723 1
0.176260 1
0.295947 1
0.447998 1
0.167898 1
0.352048 1
0.143936 2
0.729002 151
0.004177 1
1.459182 1
0.327778 1
0.448047 1
0.103899 8
